f = 4000;
r = 1000;
c = (1./f)./(2*pi*r)