L = 1315;
L1 = 1320;

L = L.^4 - (1300).^4 - 63.16*L.^3
L3 = L1.^4 - 63.16*L1.^3 - (1300).^4
